{
  "method": "sparse_sfm_orb_essential_triangulation",
  "input_total_frames": 2159,
  "sample_step": 12,
  "used_frames": 180,
  "camera_count": 56,
  "point_count": 10280,
  "camera_poses": [
    {
      "frame_number": 1,
      "file": "../frames/frame_00001.webp",
      "position": [
        0.0,
        0.0,
        0.0
      ],
      "rotation_matrix": [
        [
          1.0,
          0.0,
          0.0
        ],
        [
          0.0,
          1.0,
          0.0
        ],
        [
          0.0,
          0.0,
          1.0
        ]
      ]
    },
    {
      "frame_number": 13,
      "file": "../frames/frame_00013.webp",
      "position": [
        -0.489931090618461,
        0.11871622746800403,
        -0.8636399618945214
      ],
      "rotation_matrix": [
        [
          0.9965026733742561,
          -0.033725657210540924,
          0.07645261279824245
        ],
        [
          0.03229558579969754,
          0.9992809202957739,
          0.019865484406017736
        ],
        [
          -0.0770676137934429,
          -0.017326926402234544,
          0.9968752983827196
        ]
      ]
    },
    {
      "frame_number": 25,
      "file": "../frames/frame_00025.webp",
      "position": [
        -0.5964330881072548,
        0.32605932308236374,
        -1.820280495984445
      ],
      "rotation_matrix": [
        [
          0.9930021036332727,
          -0.04055092459099972,
          0.11091638605143406
        ],
        [
          0.037841910318026084,
          0.998934370133247,
          0.026421846831269264
        ],
        [
          -0.11186962055615533,
          -0.02203966155156847,
          0.9934784553855779
        ]
      ]
    },
    {
      "frame_number": 37,
      "file": "../frames/frame_00037.webp",
      "position": [
        -0.42393189965706757,
        0.6021256770538703,
        -2.8010298651826178
      ],
      "rotation_matrix": [
        [
          0.9969551309365904,
          -0.02212633372938475,
          0.07477226929084065
        ],
        [
          0.02102220490016812,
          0.9996585156018513,
          0.015521568407800026
        ],
        [
          -0.07509017113005824,
          -0.013902429298456484,
          0.9970798306350699
        ]
      ]
    },
    {
      "frame_number": 97,
      "file": "../frames/frame_00097.webp",
      "position": [
        -1.6583638160287757,
        0.8232730986262411,
        -3.3485770072875223
      ],
      "rotation_matrix": [
        [
          0.9633879819595568,
          -0.08721699752411098,
          0.2535286799531225
        ],
        [
          0.08829360630015373,
          0.9960688198509141,
          0.007151587748100201
        ],
        [
          -0.25315575305018717,
          0.015495207765129325,
          0.967301433491085
        ]
      ]
    },
    {
      "frame_number": 109,
      "file": "../frames/frame_00109.webp",
      "position": [
        -3.669818088257552,
        0.7689175847885866,
        -2.914521585562582
      ],
      "rotation_matrix": [
        [
          0.8033710938878886,
          -0.2337371001670082,
          0.5476877335771686
        ],
        [
          0.2401356128598684,
          0.9688071455318978,
          0.061217662506417664
        ],
        [
          -0.5449126287229854,
          0.08233882906534494,
          0.8344402580690569
        ]
      ]
    },
    {
      "frame_number": 121,
      "file": "../frames/frame_00121.webp",
      "position": [
        -4.775858158154084,
        0.9226330298785353,
        -1.3925660827906148
      ],
      "rotation_matrix": [
        [
          0.564267729318425,
          -0.39881394549095456,
          0.7228757614775627
        ],
        [
          0.4622198112712128,
          0.878102209808268,
          0.1236501322208715
        ],
        [
          -0.6840722006617681,
          0.26435571870449864,
          0.6798244466551597
        ]
      ]
    },
    {
      "frame_number": 133,
      "file": "../frames/frame_00133.webp",
      "position": [
        -5.71304212846009,
        0.4787790255668572,
        -1.0159362822769276
      ],
      "rotation_matrix": [
        [
          0.5363756263799038,
          -0.39660642886311875,
          0.7449862602827042
        ],
        [
          0.47795899347771853,
          0.8702597849574785,
          0.11917678985242024
        ],
        [
          -0.6955978636966426,
          0.2921493578124138,
          0.6563477468160165
        ]
      ]
    },
    {
      "frame_number": 145,
      "file": "../frames/frame_00145.webp",
      "position": [
        -6.7098863094033865,
        0.3132757018176316,
        -0.44239754389190705
      ],
      "rotation_matrix": [
        [
          0.38357058185211534,
          -0.38288021363105595,
          0.840402493301552
        ],
        [
          0.5251293041149734,
          0.8389963000584986,
          0.14256374871569696
        ],
        [
          -0.7596794210042512,
          0.38663671643803477,
          0.5228759191286793
        ]
      ]
    },
    {
      "frame_number": 157,
      "file": "../frames/frame_00157.webp",
      "position": [
        -7.617426739781866,
        0.1919085249136228,
        0.13659958225558574
      ],
      "rotation_matrix": [
        [
          0.266163384771651,
          -0.414768788586244,
          0.8701286713018922
        ],
        [
          0.5617608848584897,
          0.8002961311984766,
          0.209644486289899
        ],
        [
          -0.7833145989000239,
          0.43300456626166034,
          0.4460104087873361
        ]
      ]
    },
    {
      "frame_number": 169,
      "file": "../frames/frame_00169.webp",
      "position": [
        -8.120575805272345,
        1.0065284422226237,
        -2.694738229763259
      ],
      "rotation_matrix": [
        [
          0.5629880132541085,
          -0.45632799991370576,
          0.6890640416005963
        ],
        [
          0.4882473324468536,
          0.8563441640466198,
          0.16819398045657144
        ],
        [
          -0.6668275933783213,
          0.2417424852979945,
          0.7049124282570316
        ]
      ]
    },
    {
      "frame_number": 229,
      "file": "../frames/frame_00229.webp",
      "position": [
        -7.2364274908322885,
        1.2007760710363176,
        -2.6902118020807224
      ],
      "rotation_matrix": [
        [
          0.6528941426828784,
          -0.43515509145050457,
          0.6199752292108868
        ],
        [
          0.4457945251886486,
          0.8824872459116797,
          0.14994499696570157
        ],
        [
          -0.6123695614269338,
          0.17848335269128413,
          0.7701605112246813
        ]
      ]
    },
    {
      "frame_number": 241,
      "file": "../frames/frame_00241.webp",
      "position": [
        -7.195437641484543,
        0.9826474118919656,
        -1.640154593889092
      ],
      "rotation_matrix": [
        [
          0.45457093920526387,
          -0.43688460990251826,
          0.7762068660224328
        ],
        [
          0.49131636734156237,
          0.849867377773239,
          0.1906139223118996
        ],
        [
          -0.7429491829272941,
          0.2947155880288025,
          0.6009735715990385
        ]
      ]
    },
    {
      "frame_number": 253,
      "file": "../frames/frame_00253.webp",
      "position": [
        -7.7553824325360186,
        0.7687690969463862,
        -1.1733250302142384
      ],
      "rotation_matrix": [
        [
          0.279727235531917,
          -0.4192641507937121,
          0.8636956903683711
        ],
        [
          0.5189383095514531,
          0.8228983370368608,
          0.23139005549471214
        ],
        [
          -0.8077473024291385,
          0.38347868097352694,
          0.4477593066115492
        ]
      ]
    },
    {
      "frame_number": 289,
      "file": "../frames/frame_00289.webp",
      "position": [
        -8.44456830121096,
        0.0409774573564129,
        0.8059059070245658
      ],
      "rotation_matrix": [
        [
          -0.06104588786980647,
          -0.34682136674982894,
          0.935942487089867
        ],
        [
          0.5100162830911678,
          0.7952000404793051,
          0.32793335695469844
        ],
        [
          -0.8579957986820542,
          0.4973648913901057,
          0.12834085186118335
        ]
      ]
    },
    {
      "frame_number": 301,
      "file": "../frames/frame_00301.webp",
      "position": [
        -8.81005672821346,
        -0.6726094017879815,
        2.997421483437715
      ],
      "rotation_matrix": [
        [
          -0.3463292985145344,
          -0.252460934735445,
          0.9035040085262129
        ],
        [
          0.4970558825608371,
          0.767422481032797,
          0.4049668939766923
        ],
        [
          -0.7956076084365314,
          0.5893438826678113,
          -0.14029369679330947
        ]
      ]
    },
    {
      "frame_number": 313,
      "file": "../frames/frame_00313.webp",
      "position": [
        -9.135884799521124,
        -1.2757124219575662,
        4.322952986087239
      ],
      "rotation_matrix": [
        [
          -0.502506924905958,
          -0.19839776000616796,
          0.8415017048384946
        ],
        [
          0.48838404779142114,
          0.7380115989796547,
          0.46563923979230504
        ],
        [
          -0.7134198008777334,
          0.6449629513359874,
          -0.2739616380436295
        ]
      ]
    },
    {
      "frame_number": 337,
      "file": "../frames/frame_00337.webp",
      "position": [
        -7.284962591517548,
        -1.6020973279559914,
        5.385171506857661
      ],
      "rotation_matrix": [
        [
          -0.6691342257972118,
          -0.12376662352957264,
          0.7327627247389543
        ],
        [
          0.42042273803157404,
          0.7500230455588975,
          0.5105978382999541
        ],
        [
          -0.6127839009086322,
          0.6497286002867989,
          -0.44983178717889155
        ]
      ]
    },
    {
      "frame_number": 349,
      "file": "../frames/frame_00349.webp",
      "position": [
        -7.886429861695816,
        -0.9058835131742767,
        3.242271682340962
      ],
      "rotation_matrix": [
        [
          -0.5371600087075942,
          -0.1680323222011157,
          0.8265738102196065
        ],
        [
          0.47100106015955173,
          0.7531885969221077,
          0.4592003253429602
        ],
        [
          -0.6997264653947538,
          0.6359811916733114,
          -0.3254393913833408
        ]
      ]
    },
    {
      "frame_number": 361,
      "file": "../frames/frame_00361.webp",
      "position": [
        -8.019392865381066,
        -0.2942165667975044,
        0.7072286619866222
      ],
      "rotation_matrix": [
        [
          -0.3634957927417896,
          -0.25198294392550713,
          0.8968697813114519
        ],
        [
          0.5325116266311252,
          0.7337370371388199,
          0.42197313638834166
        ],
        [
          -0.7643966092034232,
          0.6309790458496852,
          -0.13252647862571323
        ]
      ]
    },
    {
      "frame_number": 385,
      "file": "../frames/frame_00385.webp",
      "position": [
        -7.837285813714187,
        0.14304007241036534,
        -0.8929539482639961
      ],
      "rotation_matrix": [
        [
          -0.29069031981272203,
          -0.29231724431715533,
          0.9110706704981784
        ],
        [
          0.5765563664605845,
          0.7063901283914735,
          0.410604119322786
        ],
        [
          -0.7635979925726271,
          0.6446422381336027,
          -0.036803404097394736
        ]
      ]
    },
    {
      "frame_number": 397,
      "file": "../frames/frame_00397.webp",
      "position": [
        -7.01665056593795,
        1.2707694702249888,
        -3.7535337503708925
      ],
      "rotation_matrix": [
        [
          -0.02928997512109083,
          -0.38040944040723257,
          0.9243542367547515
        ],
        [
          0.6179032992415823,
          0.7200057446862196,
          0.3158911844373081
        ],
        [
          -0.7857083492898458,
          0.5804139774918383,
          0.213967297941373
        ]
      ]
    },
    {
      "frame_number": 409,
      "file": "../frames/frame_00409.webp",
      "position": [
        -6.812591930399509,
        1.759985547230555,
        -4.606458391793583
      ],
      "rotation_matrix": [
        [
          -0.033917809093543444,
          -0.3894257731038594,
          0.920433131448859
        ],
        [
          0.6492018651789606,
          0.691620585715619,
          0.3165405245186444
        ],
        [
          -0.7598595399641,
          0.608283266790106,
          0.2293576832563187
        ]
      ]
    },
    {
      "frame_number": 421,
      "file": "../frames/frame_00421.webp",
      "position": [
        -7.342783926114341,
        1.530829483726173,
        -4.439035274257689
      ],
      "rotation_matrix": [
        [
          -0.18713047502969654,
          -0.32876862272995994,
          0.9256853558436601
        ],
        [
          0.56741249437544,
          0.7330578640194305,
          0.3750589676649604
        ],
        [
          -0.8018885499505544,
          0.5954303995493616,
          0.049369957977376255
        ]
      ]
    },
    {
      "frame_number": 445,
      "file": "../frames/frame_00445.webp",
      "position": [
        -9.40480278554071,
        0.541414248144065,
        -2.3133192793131556
      ],
      "rotation_matrix": [
        [
          -0.49557860277646587,
          -0.22182839235896484,
          0.8397583061890863
        ],
        [
          0.5431572524344677,
          0.6753137992710694,
          0.49893032744252774
        ],
        [
          -0.6777772846577014,
          0.7033800088554606,
          -0.21418336897277052
        ]
      ]
    },
    {
      "frame_number": 541,
      "file": "../frames/frame_00541.webp",
      "position": [
        -9.62862552307362,
        0.17199194377054217,
        -0.37503576023074475
      ],
      "rotation_matrix": [
        [
          -0.7168896541709222,
          -0.08549011624193906,
          0.6919253310637193
        ],
        [
          0.4477967897988298,
          0.7042153570512524,
          0.5509616737478517
        ],
        [
          -0.5343662216014025,
          0.7048206657853567,
          -0.4665625041656538
        ]
      ]
    },
    {
      "frame_number": 553,
      "file": "../frames/frame_00553.webp",
      "position": [
        -9.343146043364625,
        -2.7452061814522697,
        2.429085793787686
      ],
      "rotation_matrix": [
        [
          -0.9286325491524596,
          -0.09327378024861632,
          0.3590843780683583
        ],
        [
          0.11105466038106436,
          0.8536141811577684,
          0.5089299481598573
        ],
        [
          -0.35398933749797035,
          0.5124869087542452,
          -0.7823354250532584
        ]
      ]
    },
    {
      "frame_number": 565,
      "file": "../frames/frame_00565.webp",
      "position": [
        -6.719980106633181,
        -4.073743514902528,
        6.957511791035229
      ],
      "rotation_matrix": [
        [
          -0.9707326755499764,
          0.057760605843169555,
          -0.23311324508104156
        ],
        [
          -0.066729772234702,
          0.8675576720244691,
          0.49283955118170664
        ],
        [
          0.2307058952803114,
          0.49397104988461676,
          -0.8383122280861693
        ]
      ]
    },
    {
      "frame_number": 577,
      "file": "../frames/frame_00577.webp",
      "position": [
        -8.086267640640386,
        -3.391753893440722,
        5.350647019708432
      ],
      "rotation_matrix": [
        [
          -0.9928601463136932,
          0.024067635578652342,
          -0.11683098381681505
        ],
        [
          -0.03721236888175619,
          0.8680592680035757,
          0.4950639825672045
        ],
        [
          0.11333123781270793,
          0.4958768558329237,
          -0.8609658381057238
        ]
      ]
    },
    {
      "frame_number": 613,
      "file": "../frames/frame_00613.webp",
      "position": [
        -8.74550430276643,
        -2.3658940983095267,
        3.5275578457576744
      ],
      "rotation_matrix": [
        [
          -0.9841557736217711,
          -0.006271222778036689,
          0.17719504793250448
        ],
        [
          0.08154549820020518,
          0.8713987045439187,
          0.4837505859866803
        ],
        [
          -0.15744124291370973,
          0.4905353906539722,
          -0.8570806762176704
        ]
      ]
    },
    {
      "frame_number": 637,
      "file": "../frames/frame_00637.webp",
      "position": [
        -6.590660874475762,
        -3.701830948911403,
        5.8795418786253695
      ],
      "rotation_matrix": [
        [
          -0.9621147823103052,
          0.014111107800920916,
          -0.27227930934359285
        ],
        [
          -0.11351433992837728,
          0.8872558560353969,
          0.4470923177169531
        ],
        [
          0.24789037958464524,
          0.4610617340091476,
          -0.8520401616953613
        ]
      ]
    },
    {
      "frame_number": 649,
      "file": "../frames/frame_00649.webp",
      "position": [
        -5.313072415448439,
        -4.009634528251158,
        6.38436070217654
      ],
      "rotation_matrix": [
        [
          -0.8688977605281133,
          0.00515518966702219,
          -0.49496475204677437
        ],
        [
          -0.21393366142541606,
          0.8978194419723404,
          0.38490601206734654
        ],
        [
          0.4463732409747992,
          0.4403335935810119,
          -0.7790104338875605
        ]
      ]
    },
    {
      "frame_number": 661,
      "file": "../frames/frame_00661.webp",
      "position": [
        -4.722242025719677,
        -4.040907633354405,
        6.32940598625109
      ],
      "rotation_matrix": [
        [
          -0.7812537660543751,
          0.017352144271947385,
          -0.6239723199910541
        ],
        [
          -0.26244763419940687,
          0.8978362003441723,
          0.35356950752952443
        ],
        [
          0.5663601260055235,
          0.43998756850699666,
          -0.6968838836063791
        ]
      ]
    },
    {
      "frame_number": 673,
      "file": "../frames/frame_00673.webp",
      "position": [
        -4.665756867951502,
        -4.023461398605491,
        5.801499300707776
      ],
      "rotation_matrix": [
        [
          -0.7293936422709523,
          0.0038136944049004333,
          -0.6840835989480367
        ],
        [
          -0.30406457896302386,
          0.8939686848406942,
          0.3291879741792459
        ],
        [
          0.6128047376079554,
          0.448113206968039,
          -0.6508954657286102
        ]
      ]
    },
    {
      "frame_number": 685,
      "file": "../frames/frame_00685.webp",
      "position": [
        -3.912089630362339,
        -4.027115868363286,
        5.686330722796832
      ],
      "rotation_matrix": [
        [
          -0.5925587088477627,
          0.03800013937105022,
          -0.8046304530506233
        ],
        [
          -0.3477998447852075,
          0.8889117260654461,
          0.298112749191867
        ],
        [
          0.7265737708836313,
          0.4564996524326444,
          -0.5135159421019124
        ]
      ]
    },
    {
      "frame_number": 697,
      "file": "../frames/frame_00697.webp",
      "position": [
        -3.871952949377757,
        -3.981230008460327,
        6.01607565957185
      ],
      "rotation_matrix": [
        [
          -0.4727420302555743,
          0.058752489297113034,
          -0.8792400797457024
        ],
        [
          -0.38590970103797806,
          0.88320226877905,
          0.2665097654276765
        ],
        [
          0.7922049453737441,
          0.46529764390648476,
          -0.39485367808905625
        ]
      ]
    },
    {
      "frame_number": 709,
      "file": "../frames/frame_00709.webp",
      "position": [
        -5.271406475098396,
        -3.4240885058775965,
        4.266062667332407
      ],
      "rotation_matrix": [
        [
          -0.769762249443577,
          0.0020207782739853106,
          -0.6383274988489296
        ],
        [
          -0.3220347083202061,
          0.862180848350847,
          0.39107266763880394
        ],
        [
          0.5511440156335593,
          0.5065965862421257,
          -0.6630235085116816
        ]
      ]
    },
    {
      "frame_number": 721,
      "file": "../frames/frame_00721.webp",
      "position": [
        -3.7683485103914762,
        -3.807834807688657,
        4.0571190707560305
      ],
      "rotation_matrix": [
        [
          -0.5995392832003308,
          -0.03339965337344693,
          -0.7996481170203334
        ],
        [
          -0.46596634175642443,
          0.8268992389686284,
          0.314822198936538
        ],
        [
          0.6507134670880643,
          0.5613573832663387,
          -0.5113216913085131
        ]
      ]
    },
    {
      "frame_number": 733,
      "file": "../frames/frame_00733.webp",
      "position": [
        -0.9683536724012606,
        -3.8398196359184853,
        4.755821964829512
      ],
      "rotation_matrix": [
        [
          -0.061540879862394864,
          0.0295904961260069,
          -0.9976658371643174
        ],
        [
          -0.5308979574388721,
          0.8454606354629254,
          0.05782449887255364
        ],
        [
          0.8451982482784718,
          0.5332173256952908,
          -0.03632085744251132
        ]
      ]
    },
    {
      "frame_number": 745,
      "file": "../frames/frame_00745.webp",
      "position": [
        -0.26361287803418754,
        -3.379001777723449,
        4.436421210860187
      ],
      "rotation_matrix": [
        [
          0.1875329858100039,
          0.059947187632192075,
          -0.9804273119044452
        ],
        [
          -0.4933442726974698,
          0.8688559652927099,
          -0.04124003118184171
        ],
        [
          0.8493778945968579,
          0.4914220653066553,
          0.19251375509283458
        ]
      ]
    },
    {
      "frame_number": 757,
      "file": "../frames/frame_00757.webp",
      "position": [
        0.17536788060888897,
        -3.018513722143276,
        3.75346079047859
      ],
      "rotation_matrix": [
        [
          0.37947336358692135,
          0.05987740369221708,
          -0.9232630518195283
        ],
        [
          -0.44654214457263103,
          0.8858344946874926,
          -0.12608473794330072
        ],
        [
          0.8103086322189248,
          0.46012166276847755,
          0.36288837953654474
        ]
      ]
    },
    {
      "frame_number": 769,
      "file": "../frames/frame_00769.webp",
      "position": [
        0.3197700017424632,
        -1.8913395242950763,
        3.4086046844708147
      ],
      "rotation_matrix": [
        [
          0.4980509209437646,
          0.06641956178335279,
          -0.8646003249823463
        ],
        [
          -0.32501527852038753,
          0.9386766312374193,
          -0.11511407688499184
        ],
        [
          0.8039342938794091,
          0.3383409874391102,
          0.4890961330284025
        ]
      ]
    },
    {
      "frame_number": 781,
      "file": "../frames/frame_00781.webp",
      "position": [
        0.3013307983431634,
        -2.0137086207935244,
        2.2394661721539126
      ],
      "rotation_matrix": [
        [
          0.5900460298590867,
          0.12517792249998877,
          -0.7976065260302979
        ],
        [
          -0.41182065227813125,
          0.8963911473103726,
          -0.16397152612819144
        ],
        [
          0.6944418139806571,
          0.4252215878129602,
          0.5804628913660812
        ]
      ]
    },
    {
      "frame_number": 805,
      "file": "../frames/frame_00805.webp",
      "position": [
        -0.08932080560478489,
        -1.6941315988505812,
        1.420243150897409
      ],
      "rotation_matrix": [
        [
          0.3458501832879113,
          0.12178931768847703,
          -0.9303520907789135
        ],
        [
          -0.42905062184359455,
          0.9023323778247421,
          -0.04137443443446602
        ],
        [
          0.8344478501472359,
          0.41347749881476764,
          0.3643256007454485
        ]
      ]
    },
    {
      "frame_number": 889,
      "file": "../frames/frame_00889.webp",
      "position": [
        0.027137897370491965,
        -1.6863407983162633,
        0.4673009978581447
      ],
      "rotation_matrix": [
        [
          0.42423915704412907,
          0.14403851869168216,
          -0.8940212764602392
        ],
        [
          -0.40169475631024726,
          0.9147523479662159,
          -0.04323730615043204
        ],
        [
          0.8115802242436287,
          0.377466617097983,
          0.44593328267046634
        ]
      ]
    },
    {
      "frame_number": 901,
      "file": "../frames/frame_00901.webp",
      "position": [
        -0.07161635847863512,
        -1.4075893387529506,
        -0.4287694036918417
      ],
      "rotation_matrix": [
        [
          0.3736693889945999,
          0.1490434506976793,
          -0.9155092776878524
        ],
        [
          -0.37698554604480333,
          0.9262140129712944,
          -0.003082247380053458
        ],
        [
          0.847498133214289,
          0.3462855064534662,
          0.40228505095088307
        ]
      ]
    },
    {
      "frame_number": 913,
      "file": "../frames/frame_00913.webp",
      "position": [
        0.9758705466123859,
        -1.3838717115971795,
        -0.27011337954450854
      ],
      "rotation_matrix": [
        [
          -0.039571077593361564,
          0.0712755154261242,
          -0.9966714256558379
        ],
        [
          -0.39464350665089254,
          0.9152463401224712,
          0.08112114120689155
        ],
        [
          0.9179818257876287,
          0.3965399573727169,
          -0.008088864595914475
        ]
      ]
    },
    {
      "frame_number": 925,
      "file": "../frames/frame_00925.webp",
      "position": [
        1.8411888587009686,
        -1.6603735065228056,
        0.3471953905459988
      ],
      "rotation_matrix": [
        [
          -0.3696025212931134,
          0.02048853663978014,
          -0.9289640445787619
        ],
        [
          -0.31739409907463273,
          0.9368398682710977,
          0.14694232572813273
        ],
        [
          0.8733011863763707,
          0.3491579600755887,
          -0.3397554367327707
        ]
      ]
    },
    {
      "frame_number": 985,
      "file": "../frames/frame_00985.webp",
      "position": [
        1.6993715175825632,
        -1.3649571135482055,
        -0.8002691340480176
      ],
      "rotation_matrix": [
        [
          -0.2379966474065256,
          0.0308803461499113,
          -0.9707749481959831
        ],
        [
          -0.2991494660270403,
          0.9485749462147889,
          0.1035140975391588
        ],
        [
          0.924049345435075,
          0.31504281555887964,
          -0.21651981795147482
        ]
      ]
    },
    {
      "frame_number": 997,
      "file": "../frames/frame_00997.webp",
      "position": [
        1.4830764053981877,
        -1.1600416795090431,
        -1.7732704804505968
      ],
      "rotation_matrix": [
        [
          -0.2325219616317769,
          0.05090173044675274,
          -0.9712582309542785
        ],
        [
          -0.29442233957758385,
          0.9480896183692257,
          0.12017304813541725
        ],
        [
          0.926956861626566,
          0.31390299357925283,
          -0.2054650512992605
        ]
      ]
    },
    {
      "frame_number": 1009,
      "file": "../frames/frame_01009.webp",
      "position": [
        1.130604464606299,
        -0.7588805371289918,
        -2.840358548351706
      ],
      "rotation_matrix": [
        [
          -0.14679478683585953,
          0.025906461438414772,
          -0.9888276623424083
        ],
        [
          -0.3340427227992246,
          0.9396322307953665,
          0.07420734596658378
        ],
        [
          0.9310567919856959,
          0.34120393624086176,
          -0.1292792481067339
        ]
      ]
    },
    {
      "frame_number": 1021,
      "file": "../frames/frame_01021.webp",
      "position": [
        1.1389075451082447,
        -0.3993473862484711,
        -3.816107039811588
      ],
      "rotation_matrix": [
        [
          -0.15312142170704543,
          0.05098820925484014,
          -0.9868910946661721
        ],
        [
          -0.35697983064156336,
          0.9283769103947054,
          0.10335237182137401
        ],
        [
          0.9214766577236424,
          0.36812567794567314,
          -0.12395263009512804
        ]
      ]
    },
    {
      "frame_number": 1033,
      "file": "../frames/frame_01033.webp",
      "position": [
        1.1285798146267982,
        -0.15208023143539623,
        -4.732327448643099
      ],
      "rotation_matrix": [
        [
          -0.17352630420166307,
          0.05820093211537845,
          -0.9831079662229427
        ],
        [
          -0.33957277480011305,
          0.9334982592763007,
          0.11520126102898928
        ],
        [
          0.9244343959225361,
          0.353827149084144,
          -0.1422230508965362
        ]
      ]
    },
    {
      "frame_number": 1657,
      "file": "../frames/frame_01657.webp",
      "position": [
        0.5166475378458562,
        -0.11062727920105918,
        -5.812963402515791
      ],
      "rotation_matrix": [
        [
          -0.05989406572295495,
          0.05280483848664562,
          -0.996807077585012
        ],
        [
          -0.36771259597491013,
          0.92720885258536,
          0.07121229141612072
        ],
        [
          0.9280087002030571,
          0.37080371184729927,
          -0.03611730371569879
        ]
      ]
    },
    {
      "frame_number": 1693,
      "file": "../frames/frame_01693.webp",
      "position": [
        0.6476565804597278,
        0.22037945644413315,
        -6.72018371458053
      ],
      "rotation_matrix": [
        [
          -0.07909609206693596,
          0.06617942318166344,
          -0.9946678300654342
        ],
        [
          -0.357462717997146,
          0.929554333456153,
          0.09027262262159831
        ],
        [
          0.9305719818809464,
          0.3626968777095073,
          -0.04986743865427226
        ]
      ]
    },
    {
      "frame_number": 2149,
      "file": "../frames/frame_02149.webp",
      "position": [
        0.17872025823621718,
        -0.2816139240673292,
        -7.0909888118916555
      ],
      "rotation_matrix": [
        [
          -0.14252618383605134,
          0.05842167544531366,
          -0.988065379799987
        ],
        [
          -0.26652973025690696,
          0.9591179089121045,
          0.09515639596607399
        ],
        [
          0.9532303970238849,
          0.2769110771389076,
          -0.12112830200846536
        ]
      ]
    }
  ],
  "points": [
    {
      "xyz": [
        -9.854361534118652,
        -3.898108959197998,
        43.32319259643555
      ],
      "color": [
        238,
        233,
        221
      ]
    },
    {
      "xyz": [
        -9.786765098571777,
        -4.010370254516602,
        42.91720199584961
      ],
      "color": [
        236,
        229,
        215
      ]
    },
    {
      "xyz": [
        -7.745555877685547,
        -14.211024284362793,
        30.01434326171875
      ],
      "color": [
        209,
        202,
        188
      ]
    },
    {
      "xyz": [
        -7.46173095703125,
        -13.914281845092773,
        29.5736141204834
      ],
      "color": [
        96,
        91,
        79
      ]
    },
    {
      "xyz": [
        -9.564772605895996,
        -3.5389373302459717,
        42.16255187988281
      ],
      "color": [
        235,
        230,
        220
      ]
    },
    {
      "xyz": [
        -7.533864498138428,
        -13.88700008392334,
        29.588207244873047
      ],
      "color": [
        33,
        27,
        18
      ]
    },
    {
      "xyz": [
        -7.508842468261719,
        -13.884902000427246,
        29.692903518676758
      ],
      "color": [
        95,
        88,
        74
      ]
    },
    {
      "xyz": [
        -7.573048114776611,
        -13.856843948364258,
        29.7429141998291
      ],
      "color": [
        101,
        94,
        80
      ]
    },
    {
      "xyz": [
        -7.6323957443237305,
        -13.387097358703613,
        29.77174186706543
      ],
      "color": [
        36,
        25,
        9
      ]
    },
    {
      "xyz": [
        -4.640277862548828,
        -16.595699310302734,
        45.81450653076172
      ],
      "color": [
        17,
        9,
        2
      ]
    },
    {
      "xyz": [
        -4.7373809814453125,
        -16.604551315307617,
        45.98549270629883
      ],
      "color": [
        37,
        29,
        22
      ]
    },
    {
      "xyz": [
        -4.814885139465332,
        -16.609214782714844,
        46.21969985961914
      ],
      "color": [
        158,
        150,
        143
      ]
    },
    {
      "xyz": [
        -4.78185510635376,
        -16.60128402709961,
        46.42027282714844
      ],
      "color": [
        28,
        22,
        15
      ]
    },
    {
      "xyz": [
        -9.844120025634766,
        -2.691347122192383,
        42.114376068115234
      ],
      "color": [
        94,
        92,
        88
      ]
    },
    {
      "xyz": [
        -4.688732147216797,
        -16.10175323486328,
        45.212890625
      ],
      "color": [
        221,
        217,
        212
      ]
    },
    {
      "xyz": [
        -4.4632978439331055,
        -15.61262321472168,
        43.84628677368164
      ],
      "color": [
        221,
        213,
        204
      ]
    },
    {
      "xyz": [
        -8.654884338378906,
        -7.313111305236816,
        41.19965744018555
      ],
      "color": [
        25,
        23,
        21
      ]
    },
    {
      "xyz": [
        -8.96125316619873,
        -7.674319267272949,
        42.54073715209961
      ],
      "color": [
        21,
        19,
        18
      ]
    },
    {
      "xyz": [
        1.0730140209197998,
        -6.459246635437012,
        44.14012908935547
      ],
      "color": [
        248,
        246,
        245
      ]
    },
    {
      "xyz": [
        -9.1498384475708,
        -8.24695110321045,
        42.963191986083984
      ],
      "color": [
        145,
        141,
        138
      ]
    },
    {
      "xyz": [
        1.0765994787216187,
        -5.853470325469971,
        43.30570983886719
      ],
      "color": [
        81,
        73,
        53
      ]
    },
    {
      "xyz": [
        0.06861842423677444,
        5.036441802978516,
        12.300844192504883
      ],
      "color": [
        51,
        28,
        0
      ]
    },
    {
      "xyz": [
        -9.390060424804688,
        -9.274893760681152,
        41.28903579711914
      ],
      "color": [
        247,
        247,
        247
      ]
    },
    {
      "xyz": [
        -9.291882514953613,
        -4.615326404571533,
        43.28656768798828
      ],
      "color": [
        223,
        220,
        214
      ]
    },
    {
      "xyz": [
        -3.8095743656158447,
        -4.33777379989624,
        42.45246887207031
      ],
      "color": [
        207,
        202,
        195
      ]
    },
    {
      "xyz": [
        -10.037158012390137,
        -4.381036281585693,
        43.90475845336914
      ],
      "color": [
        231,
        224,
        213
      ]
    },
    {
      "xyz": [
        -4.7010602951049805,
        -4.042510032653809,
        44.14105224609375
      ],
      "color": [
        187,
        174,
        165
      ]
    },
    {
      "xyz": [
        1.2061089277267456,
        -3.925428628921509,
        45.38856887817383
      ],
      "color": [
        133,
        132,
        128
      ]
    },
    {
      "xyz": [
        1.168298602104187,
        -3.47934627532959,
        44.00667953491211
      ],
      "color": [
        101,
        95,
        91
      ]
    },
    {
      "xyz": [
        -4.480471134185791,
        -3.314845323562622,
        44.219390869140625
      ],
      "color": [
        142,
        140,
        139
      ]
    },
    {
      "xyz": [
        -4.157281875610352,
        -3.144688844680786,
        42.22995376586914
      ],
      "color": [
        107,
        108,
        105
      ]
    },
    {
      "xyz": [
        -3.8275845050811768,
        -3.1085169315338135,
        41.84496307373047
      ],
      "color": [
        225,
        225,
        223
      ]
    },
    {
      "xyz": [
        -3.7012858390808105,
        -3.1056275367736816,
        41.782676696777344
      ],
      "color": [
        213,
        214,
        207
      ]
    },
    {
      "xyz": [
        -3.4608519077301025,
        -3.0615904331207275,
        41.7910270690918
      ],
      "color": [
        198,
        192,
        187
      ]
    },
    {
      "xyz": [
        -9.47143268585205,
        -3.0496535301208496,
        41.956905364990234
      ],
      "color": [
        232,
        227,
        215
      ]
    },
    {
      "xyz": [
        -3.7966842651367188,
        -3.0508055686950684,
        42.03683090209961
      ],
      "color": [
        124,
        122,
        120
      ]
    },
    {
      "xyz": [
        -3.644501209259033,
        -3.04740309715271,
        41.9609375
      ],
      "color": [
        202,
        199,
        191
      ]
    },
    {
      "xyz": [
        -3.6382498741149902,
        -2.9899168014526367,
        42.168113708496094
      ],
      "color": [
        20,
        12,
        6
      ]
    },
    {
      "xyz": [
        -10.49001407623291,
        -3.0182366371154785,
        43.05447006225586
      ],
      "color": [
        228,
        225,
        217
      ]
    },
    {
      "xyz": [
        -9.499616622924805,
        -2.925489664077759,
        42.088951110839844
      ],
      "color": [
        235,
        230,
        218
      ]
    },
    {
      "xyz": [
        -10.562329292297363,
        -2.8955161571502686,
        43.454341888427734
      ],
      "color": [
        226,
        222,
        218
      ]
    },
    {
      "xyz": [
        -3.494257926940918,
        -2.7281198501586914,
        40.76576614379883
      ],
      "color": [
        44,
        30,
        18
      ]
    },
    {
      "xyz": [
        -3.3709940910339355,
        -2.725304365158081,
        40.69770812988281
      ],
      "color": [
        32,
        19,
        12
      ]
    },
    {
      "xyz": [
        -9.009246826171875,
        -2.8149499893188477,
        43.235172271728516
      ],
      "color": [
        27,
        19,
        13
      ]
    },
    {
      "xyz": [
        -3.318669319152832,
        -2.8403186798095703,
        44.092613220214844
      ],
      "color": [
        62,
        51,
        36
      ]
    },
    {
      "xyz": [
        -9.962154388427734,
